$ANSIBLE_VAULT;1.1;AES256
65613637303335613534313136616637393964353231643336396363306436323836363463653462
3030396136376665356564303839393934393061303865660a323366386337383837613163633133
61363538366366616163363663643434373636613963613566333161326538623063343830373639
6130633033363236340a613039616134616133346661396263313036393266633662636632303264
32326161623864643266396438393066383233313039653131313166373363616630373136346133
62643738343634303334386437346237343638663632336335363264303065393535393139363830
62383830613338326561373830663363356564666661336561633430366634616539323464386364
34373062333533623832356536383330353434353036373362376664623565323263323961643164
63373537646166616336316263306661343931363864643533306663386537333862646136356430
63393162313863363534306165386332643237366462636434653966333662633536313366313730
62393032623763653938353866633930396364633161393237666134643636613764626238663333
65383538613238303361643737663032396433333732313533313331306164626134393963363066
39633066373066373136626438396435363930306461333839336664653862663062333631303361
65656432373962366565646331393863323933613665343335653932303062633761613334363835
38636264376633303030633233346437656532633966356535396434353938663435333438633434
61636435623237653630633464333965303333396463356462383532373732316435346433353633
64623335633730663330323062653431663334313864643764316336303763626139363235323733
36633531383165643431643765633834333663613536346339303863326132386331373131656635
38346634303462373834363530626235383036666465313234303363336636323863633133326530
37623566383337363536316137386133363661393266383232653330643933636138303838346332
31633766376466613432373434376232663832666133663637373764326464633334343734383233
34623239653831393065326339646236393963393666363332323932613237643336373837666436
34656633656333656165613932303336376561386432343766313232393762643638303133333363
62616465656233393663303863386236346465636437663739343933303266383130613837343862
61326366313363646534386131376636613661396631386164616239313337366462346538373662
38313139653434323130326164636463373163376439386430306661343262343534363233653866
32333530636464333733366462303833306666356137353631373033353732623936613764656430
33623464633663306134
