$ANSIBLE_VAULT;1.1;AES256
62396534626365653563643039353761613965343536306331376161333032386634363562663562
6662313064396236623766303864333732323236363662310a663833306635656161653264383539
64353939316438396238316335353162653539636233373833656433373535336437646132376337
3161393964376663650a343236643361383338653439366135366466343935343965303236323831
32363464383530656430316361613334393637396533633162363539343337313163316237623166
39303339323863373235613963363764633930366662663437366231653331333565366366353734
62383666343336376262353765363562656339633865373636333138303333653137636563383733
31623062316263383636356334333062383135653364313733356439343131326638633534396634
66333362663530623037373932386564653535336637623931343633653831393933333266616433
33653030393633386539643963616531656364396339343564356262616130616639633238646363
65373964376630323131383638346436633734326235376334633139626139613964353836333836
37393231666364313763616436376536333066396566376433613864316535663837643236393066
64636130656434303437386464376633386338633465376138613962653162326361366564323639
39646136386264333236636635303532643239393538656463393966396330633733346330313634
33373837353765643966633132386466383965663639316466393633356432396365363137386338
34643661343334653665666339633236383333313132303239356437623131626561633461346637
62383533623634396132633365653430356337326539376637393933383763343830396239393662
31366237323038303465376364363433323136653131363366346361366165303864363561346431
30383432366436656635373439343837613233313563363238383333363834626131373731646639
39313738666562373563363333656638613639666232313336336435376131623631353163333034
37643162623438333830306133663436306334356430336532656561383937313837363437623031
36363864356133373363616534396233333537353331656461623465303537316531373639643861
66656634623663623933343335663463386639316439323337323465333132393462383830626264
37643363393738336364663666373630353932333261373936613037303165336338363461336462
62303839376566633833666635316163666539396538333038313831653235303665653332346232
66326439346537386465616466313561303936383239386661383637356261666463366134353935
64376536313630353830386366626565623236623837386632346333396131393731616465363463
64636664643963366531303461613731656465643334626463366537666238356439613131646430
64663438333230633234396663326539613432303161323166386431356137623463313138636462
63363637653465613664393363383166303466613562363832643166376337646437666361313831
31643965636430656239336337323066656361373264353632336366366430346266386635323066
66303861623031633763643765313562366632326264613061373030666230333534356133656234
35306439316337383534646537623335336463316162333764653638646633623131323033646565
65613939383235393631306137656538323335626537343231306335333564333236313162333864
30643633333564393835386632303962306264316239373833623735343261613430316365343365
32316564663239316433343334613933623437383738626335396530336532396361303164636339
62653832383530656339396663383036326634363235383134333664633032366564373464653835
64636130353233343936346262303061356532306131663861363032643064626533623663373333
32643265303762383465366564326434373438376132316531343136336263306230356164313731
32346230666234383562386562323633393436363430313064376636663031323366383432306532
36653964616666356531396335346434343437366464313462613065653333636331333561653666
32666138363062346433316366646363373736356432323664386233366631303263353830396563
37633665323262313833316432616130303365333634313532373731343932633065383439363164
62643737646664396434643438323161663064646339303437396566376638323136613235623439
35653766303263333164353634343862656165343861373434336365393235343935636132356235
37346439343330383431343661333530336133303164316464313866313236313064343838663765
39323433663833376231303231616131343865326135393962613933373262656236386637366435
32386435393461313339393731303134383834303935613037643834356265343530306639663939
34303936333235626663343131386664643364343065643334643061353731623465616464323434
38663635653330643132373364643237643939643864646666396566326436336364326534663934
61613532363636333561336133613166323862326135636665343131633762323435373931343239
33343638376539616165653933326166616337623165653662363435303732663638646337373361
62303562356131383635343064373362396633643438656335326365353439313639323461666462
65376231376232323361323636636166356437343761323638343932323137356334303063316638
38393963636537373865626566643932656561643539386233653030616637613534303235663363
66666431396137393532353230613861363666303964656364346164363263333436333464353636
32343364613430333066623534636666643134363636336331376165323564656464343335376135
33646535663138323864363864643130303763323064303237663630376166326133383165373266
66636330323233346132356464313066343961656165653336363363353561636437613635356137
65333862333862373561326235343939393434656130626462303032656564383262326361383335
38393533316138653630653131613861366233643430346631356364323662623733333037613761
31393862373937333132326565656232343037373132616665336466363266343764316532643435
34376639346463353266373565653530646630356264393531396130363861393034383933343361
61333335353732633262356339393065353939303333663332353635323634323131383063303563
37386465633163363962303737343934656265666638323032363064346230353731306563336436
64616339343663363762353235613732306139633861393663353736643664623639383633623030
30326136323537356336353761303835303133323432383633343334363830383838653262323161
64373139656666346436643265356137316637356662393532343735373834643531373761653766
31313261376334616231313330386231383731336439663336643030343765336438363733363632
34366638396335336665646666336634383664663531623235323435316638356435333039656638
66633430623238323564326563653635313566653334376337626332323934303766373731343239
34623061383136666532316231383633393862366339656137396664376566343734643662363430
65656166313638333666373435663732373762386639386233623333363130663734316564316263
62633638613439346638643361353764346564623231326533616264656139346263333561336435
62383931313737643231663234343635663338626637393266666138353339303735323235656632
37646433646338336664623762623133666331666131613265633263393235313165623335353938
31346631613365313330366236316231353765343563356330306166623261353335336230356664
32366537653238353430366337633533333066333539646365626230663565383363363730393666
32383362336532373136616237376664663165333930626566313837643033386465336431386463
35323832326363616465326564643039343131316563623938343338346435363931653436613735
35343830396634396363663765333733666533353935636562373861333661643636316365346131
61333964633964656462336336343532613937383232303161323866343039323232373537353235
63643665666364333764376539336566613863353835303665373437613636346237616462366666
32313834393639313230633937333466633363323231393562663566336633643464386132386136
38656130653666613834643461366434376538396234393565663530376638643561653862343563
36643066373931626161363966663336316462323633353962346633633466363932616532363937
39633064346161633138623962323935326135663564666464313837623637363936633038626663
34366431333637356530356234326437333138353337623234383734363863663966323738303965
35356662366364323139633063326263376165343661303739313339636438646534613861646133
63663333623031346363653934353631626530663633316135396164626434656437613339363162
63646135376664323930313930623764646363636139383965333363356463313666633537613435
62666664323439326164333634333863323536666339373433383233356363353166323062366530
65366561633735663366396361373936616232623964333261363132366435343238636533363465
35633539646363653664343833323634643533386436353636383232326639653463613165633266
34666638336131366139323436373835383037653235346262313634613838383536363062303639
35623065393132346137363936396465633536383935313466663932353338343437343865633762
38373261323434626337656564323938623137343831663432393839636666666230323931613632
32336139346131373266393966353638393862386232323366666266306635643939376134346662
36626164303162323738366339383061366234313932646266613764623462306539663131363433
39306537626630363934383230306566373462376137656431336538396266333565306463323366
30623064303132643731333866636566373738336533326362303135316537353738323633636136
33363137343334353132643663333365666461303161333739393639393264326530326661646337
63333661623063666231323930363864656532656566626362393632396137373731393332323034
36653333623433653933626235323537633430333738323430306464336662303261666332366332
63636137356635623533653438353338333464323463346663663037666263613233616636373861
37613731653765643661393832633438353538393430393232333661646535343861303563383632
34613236363937396137656638613939306466666139633962393261353066366434663661306466
38343962303038663032383162313433656366626261313736663363363138663365383737323639
30343131303831626533353432383861353036623833353831663030323566323631613864316239
64376133373633376463633566363030653333323264663936636537393638373239363365393239
62333936353737653936623165633432663163663762663732376632646432633733363131323734
39666562303161306431393164646665373039663663343231393266376362396434306239366237
31663734326563393866326139663932393966363938343965383735643239383537633433353562
65613262386663396434643237323930336134653438306430643832333964636561353236663633
39653835626438303065663736396631616530303433306530616532666133653161356238396435
32346338386330363632386630326438646632393730353736353965663939353038363530643533
61653538633630356530383830303335316339386163383936646538316539323966383137613966
34396235636264623933393164626439333734346630323530363232343462663039333531316535
65366337353331316165373566346135643734653035376166616634656636323131303935313434
65316266376164646162643630626538373164623263383032373165303364303637323939623363
38336463396436306136336135346337663137633464356639356230313165306331636536656439
31626462313537353930333962613261383637316462343933616336666338336132626665316633
61613230626432663937613339633837323534386337633236636431633036626265313431656366
61326662356532663237626337633461376236356164636136636636353433323133613065306530
38333866366566636561636464653639653934633735303732336435306263643731643231346662
31633730356663663634366663366461383933663330386433663933356165303636303563336264
61363136346564656366646666633637353633623861306338383364373633383135323463376633
38323631646334393766306164326636313939313836393731313939386133383435326638383261
34623666316362303533306666393961363636393266356136393939303361663230323635333366
39653237383236353836343236663931333961646636306163356266643666643035623930653732
64643231636539356334343631306334346438313431643336333337313761396538313930626562
63313464376663396230306263633839313763313935303835636166376162326563363461376439
32653432343132343837316461653333323562373530326338366331363239353461346636646236
37626463663864363032306465636465623531653538303161616366303735613636383234373632
39613233333932303031353865373836376462303534323463646165666164653339346535346132
33643533636265303034316137393431393161643935363434343731646635666430393864346139
66663136393263373333626135353739326437383331653964336233666564306533396532396335
66363664633363646335613935356164613034343164306663356336633437396435316435376438
63616566663032653830643430646431393335656132396436353864396532616664623338356332
31346465383365653437303865636636303338653862323539333634323031656365383930653566
39306433326162393630613030666363383061636533373366346336623637633762373765373831
38623135663365306161373939623435306263363865383432306630383332663236633330643136
37666665383031313535383862363430393135343465643265663634636330636232316431346438
66393566366465373434373333383935333236646138326433656166376239313938303130333261
35353236383039366562353530356535303231393236346631643963383030396365363339653635
30613063376533363535393239303330393631363564326238616132396331633163663732346632
62636138363933623537653366386262623033356335633832626239396666343166623137643532
39616236373830646533646264333839316335613736636535663530376662666366343938353330
32316237323132376537353361333736313364376430663135326331633563393037653134313838
35346364623739303538356639353932353633613063333336653932383130313865343234366130
39626536303232383837633932616331333133623236353039666437303932613565626634343533
65613966363763323235316139643936326235393466336635383033386138393465313135313038
62313961616139393831313765613338323136623839356430656131343763633661666631363636
39653462613638653563373633626566633766633837633966383932396666306233653862383161
63303737313063623163363938643131396462623936336366303335356135326138353863363738
64356366613234353961356538393833616162343833336535366139653136643231353064363833
64326335363464643531633730333462313762363865336432333437656539326239366435656662
35636230336534373662666536383134373465323637366437626265616438343436393339333839
30393639316539376365353132666232363462343361336134313931613239643338643333333364
63343430646465616638306161656433643030626431383431363564376133616435653231323464
62653432646132386365363765666232343738353339316235663564373866333862613436643933
34336533656236643531356466353966353064653333363163363735316666303536373635376135
65353833366661333030653037653863633065613331326239336632313436633935303536343035
64343365353466376237356661376438613430646139393831663531363537613866326331366563
36613239656634396535386561373165616461653131373661613962343462643733306132393330
61643835636338393638313132623036363764633262303934643733653065376133326533376664
39393963376666383362323537386262356632376231663230316536326633383265326338613563
30623263396238353161363466633466353139326366633061393032343963646434616133366439
63366630353233663632363865626630336665313162303164376331386330636234353861363166
63346337383035663732333033356132383132366230313839653765393562656436363266323062
30396337353533616363653838333339353763643837383932356266626638373838623162363138
61303638363966626465636630643034303232373637633162646232303464336332643630623234
61383465613038373031363137313263366131633761333237386231323939356361
