$ANSIBLE_VAULT;1.1;AES256
63326237613934663330616439626361303062646530326362333266303065616564386631626137
6234376636393333633533383836346634663863663039380a313636666663646539623035376561
62373365623933646632633334666131333265376463333434633164343531323334653438386535
6635343464356138340a333239616333306232656639313630323933343731616166383533616630
63386262316437633764373636353864643263326563326332323239653931633038643630386236
62623232373066343066623337386336613161653361303637313537386437353664653334653065
32326466353864393430303335393039356232313230656632303564393538343061383535656631
66303363316631396130346161353166373965636331376463623431613561386330616330653831
63356332636639313138363461303062653839376232616336313536356337373062356162626233
62636364363066313536336264333865393533623737613631313636343265623963663734383635
63386333326535346339373334663533646638373639616332663935323638336166636434323464
36393964633838343635626335323164653432326230646533616634663064393433343865363239
37303964613633343133633034623763346332626538353634393833386536656138353632376633
37636339396636323533366530323434376137336139383437323062666437653765316264386133
31326465396435643233643738326134663134313237613161313632396139666266356565303035
65666665303961623061316461663666383461393665663839323961313135616238376365616563
39326265376461663262353434656131303934353664643561663365333538373332656232653439
31383062653932386235316333633166313137313336323132356231326564666137303339363835
30373062666664373435303461653134653466353933353332626131623662623131393539326137
35623234303063633232313264353136346138346332623438363137323762363434353838666436
38636438386464613733353539363638366164396139623038383362616363396331643430313531
66313138343331623965633930366131633764393139373364323634636532376137666137333265
31363965633761356264366163323233373933303530396336343631386563313134313465353562
36356633316338636534653361616238626638613638613762613261623436393035323330636365
62303538323963343961623733353239326132343261663536353732666264663665386139366230
66653363383330363539316161343032313263633762343732313963396235383436306136653637
63363932653330356631363733386436623230633837323834383962303532303062313234383636
38333634353961663732313565633538643763303563623730323633313238313165613034316561
38393430643738343232666465633862396633623966613164353039393365326363626234376437
31376537373435396535333562356361396635626533303361663864303836373336623863306239
36333631643235663132336436646632623164643739333238373435396334386238313533376265
30613536326363643938633961623332633163386636316431383366613761356438393264373138
30653737306637336439663534316333376163396130363531646639613838336336656530346464
30363138366461383865396334393638666633616634636337303566346339643935353834356232
31373534343336323963626337653339313264396535396165313130363266373631323161363039
63663837356637383763356265353566343832343137646366303566613130306535353839363933
61323265643038623166346664356665336366306130373566396264353030653637353231653635
33646139373865356339323732613330376437663464656266373638616236373065323333343166
63646437646565323637343061353434633737393236653337643262313761313066316365653433
32323434626136393761366231393232336438653536636564376366663338383336303434633665
62646664336432353464646431356334663161303164363638343066393836613238373634363762
62643237373563313037353466376363386135386430323438363564366663326463323732336463
37306633316435653337353135356161636535663531323739306436333664656335363134363935
32613935396339623566373234623530303235326362393561336462303931366161626538646363
34383730346231343062353365653438323032373366303366663561366538346165383966666535
38366232303033363631663333653461316664616566636130303365626663623161323939613663
65323538656235353964313163633065383231626232613330353337623333393337326334613336
38353661613364613339366461333664346230396437363039303937366232306339393434353161
62383462613830666535626437336365383064646639653433313562643763363861636663653764
66373034653037393066623635626237306363373665313739323132303438616362383039636262
35366239653665356661376332316630623939653363333637336363626665376234366236306365
39626434386135383236393937343564333131346234663635663463333436383864396337626661
30636436376533663232353930636365393539663135346365333934363039663234633436616632
39343433363063633539386165653662646464636439666164383539383935643163333334353239
66303131396563316263366236316433666437343837333564326361316261323161346333313735
35666466323137363461393237323038343239376335303561393735633135653561646538373066
62343864636261663939626462323566323364316361333033316232623832396330663230663335
37656437323231666433363834326366313932663561643863376233323262656433333435383636
36363661393638333234386261373034653066323336393963316431613464396664666336383266
64343462303034653961633938383037633836396336636337363063643463366436373334663633
63386630376238663064383362383031616137386363323563336437663833613036303730633533
35393161653036333536386462386261306666643735623134303632383735376336663566623335
34666464333465373637376465346231396139303233633130643566613731633161333631353965
38656632373933383032323735393736393436663333616430633061386331666163306533643832
39656565636536343961633964616463653664376337366534396131353034353832373064303135
32396231383766363537633631386636313036383233303331623737356539666339653564333861
65353135663435306231356232383830363535616536316463396262386330386664333338666363
33663261663830393364346132346566313635303966623032653464323037303562656638323466
65643037616661323437663164633637346634653834383031343834613338346533636664376535
38343931323539356333333564343138383439386134646436346130343939376462333638313330
31653866663138636165663261633632393864306332326661616238353839656138326630633437
32633138616234393164373632656536656464336338616232363865656534316234363935383465
37353639356330323365323331653564643336393535336434333865646635613339396638666237
62333232316135376564333263343064386465366433616566646332393061386564323935323737
38343738666331646136393138663563303230623730343030393665353665636162313731663033
62623962333033363963313766653133393934656138343462323937383830663561643839343736
62383636663063353433333131366663633463646336326230396637626533636131396334386366
39616639396462663264656234613062633331653933353864336164383862366331343063356165
37336334393134356532353062316430383631333537313536323162343130356433363037653264
31653666613730343532383934326461623238376137663136643436306134643565336535663766
61303432393835376266663839373332373063346537386562633839663961313362623763376336
38396461376536306261353439383634363561323530313830373561356538333832666164633462
35333933326362306164363631386132306238393833393433346236363561666261616462373233
61643761616138623236396562386330323034663139663938323338396435663561316636656231
63313566336334643066303334663338646633373365383062656364653237343630616235633563
35623734393633666131393363646538376639343763666164616161316661616264643264646264
61333138393539616536636663643934636633323337366433346237393031656433613531646130
65666661326439306332663462396264356365376231646663643566313664643364623865653565
30666131366234306435316334646437633835626164393964623537393039623937353335383566
33653861356134316434326236366539336633623465356161653634663237353766663930313838
64353032333939396663323136343033666533343435383337346564346637656532396237626538
66303935306438366563633335666439333539633735633636633366373564336532613038393831
66643434646361313262666566306130306439316563316134633163353933343239636531313139
37393437626538636535303531316539323662613331623432623363393834643230383539393263
36636230666362313734663330643136353931303830393538326235613166323965623664343733
34636561333966636337303638383266343466383037313332326466636661383362666135326338
65663936663137636235613733613732346165633965386165363633313566663937323966626364
30633531336664623263656437366662616635326132323436303334626565633266653962356536
33366435393538393363663535616631366637363837663163353834663161353639366633373766
62656433663363323135326437353166363330363066386162346463323836636364323733333366
35663661316462313432373162336636663330376638613434343866373239313466656533306365
39376233653731303965306530633133383635633539353563303165383839653265653737393734
31373866623162626565396563616264636538383835333732643864373861356135386566636536
31386163643334626131343337376431643861366532326365343037366230333236313330333731
62383965346339613137393633333131353135333639383338306466613066323534616539643966
65373661373337303233353561633461663463336465636536633961643632663634383835663133
34373636383137383931326566376434376434343133613164626264353036653131666366356237
33323464343835623332646663653566346464346134383461663339306132656338653235313033
31643731633635323866306536316435643736616436396133386637343130323539666465393162
37653165333462366465373336376234663236396164333432393337636663356532653962626563
30376436643639623965376431643661666338316639343966633032306230323738643838666166
64396233613761343532363036316465343562636566333564656632373536636432386230323261
37396630653731363438393564653436323436633761383633653133643738613639376437316133
66346234656433313865623331623961303431353137666635663933396436643532343834353565
39326332366664393961393664346534323561346263323431646464656662346265373138356165
64623266303136333434313331316135663862323534636232393438653732376435343531313735
36376635383562386231623830306334306431343464386365643166326332653832346139616138
30653831646362636431323138356663373266663763616234663763316564646633643462656231
37646331376338623861363034333734373332616364643862343366613833383031373662393263
33366336656461343535363061363136343634633565633637303562616532666365323964343766
63613861303436343230643161613130316266626130643937383762373932353231653065636164
63633237666161383037366332383364333130323661666361373631616663336664386234326537
32313733356138613130653436396163633664386432386433373365386366333032333464303435
37316130363465343935623736643432306332313734636438666635653466303232633961303533
37386535626536613932316161353835663665386161663931366632353338383163663935383965
34646436333866656666633462356665346166653430646233663739373063396331323538633932
63376136656339313832366439616435666465346137393766303334613436646463653932663636
39343832653338613662306535353332353461653066333333373835353461393334356432303031
30646332373463363738313466633261343938333364363433643565353334383038393735346666
34356337626334653866363861346633386339663737653065363033613738633038303336383438
35353037646238326537303130323337363665653335316630323165306562346637663534626335
33366337663865363531323661396133363537333430633132303939646363336163623634373964
34613463323032656230316333663533663363633033646634393736643234636263393130303663
36376437616161646366373266313237363536623438383639393939306666383138616336643134
62373466376134383732336433636330303730636564623237613263633934363834663032313938
31373262333537306131663530343939373931306163393261396162373137316636306566653639
39643531303336353565666137326661343561366234653363356432323433386139346431333364
32363634633933383964366535656638333838383934636463386536633465383366393337393661
37653435623732633739303233313063663965663434616362383265363966643963373065633537
31363932623161656432353264353033666337313462383033663434393534653161653063616230
64333132393330343035626435326562353666393565376135636165613863346333646563343838
32363630326639306337373762353362626236396633353765333263616137636464623932383462
36316237333333653964613430393432623266336361636434316661316365373531633532336161
66653062343633653064643933336537343234386537363664353965366637363734653161323165
66393362316264613132306166343965626530356637333938633330393862626630323135666438
31353664666538656631303464393535326239663664313633616462613337383236626635363764
37333261666331313634666365643066306164616264653533376230653662663637386463343733
64313337666632346432333331313338373234383238363331626638623134333264643266633030
33393361333166633036666137356330323536613063393839316538313536353231636230653032
63313361376363346537636636316236653164353661363464623934663863333765393535323237
32623032333334333961623865626233306265633639353261393437623062663334663666346363
33356263353164373662393863653231383161363331663034383930313032303533346464363166
33333434613262383437396536366538356265393534396430626139326366343662343138353536
63343166323131636532343238356462393361306330336638346537366563626535343132323832
66393731623839396433646531323666626636383166353161383763336235383131666264663439
38306636366261653332393534396633383565373834393366616337306635376165353436313137
35666534363764656362616339393139346132326563653666633833643831373030663533393661
36643231663566363865376432346164366232616130376638303038663931303262333534366636
61383238623263396134613035646131373639386361643362333932396664346461326666373562
32623064643933316638623339376334306232626266333434356633356333623938343835613430
34616233626264373133396534343336613135666337333461643763343332336639653366386431
36613131323961336432313561663063303362376239663233353265633936353037376663346336
36663733366664656632663631643433383934383665393931616537623032343532353064663037
36376134343532373462366337363364323862656462343333326664306132366238626463373365
30646661303362313139343134663163643465383336613531653035396638363564613263393736
31643036613830386535623161363838343739366136613337326339623364323338613137373966
32663566363239663636616636393232396634616133343134663939353436616435326366633062
31643937313332666537613765313631616565653731663736663538653661623866626530306135
33376133663562633936336266373163663265376461656431303763396137643866356537636435
36616639363630383632313732343961323437396233653666303535363165636137633238636535
62373262626436636132346363613332373839303933663965326532323635643832316333643037
66373062393031303539373038623464303933363139353339643331383664343839626264303663
66336666373562343361303237303331333062623438316362323965333538313937
